[header]
width=150
height=12
tilewidth=21
tileheight=21
orientation=orthogonal
background_color=0,0,0,255

[tilesets]
tileset=../../../../../Platformer/spritesheet.png,21,21,0,0
tileset=../../../../../Platformer/sheetMOD.png,21,21,0,0

[layer]
type=Tile Layer 1
data=
917,917,917,917,917,917,917,917,917,917,917,917,978,917,917,917,917,917,917,917,917,917,917,917,917,917,917,917,917,917,917,917,917,917,917,917,917,917,917,917,917,917,917,917,917,917,917,917,917,917,917,917,917,917,917,917,917,917,917,917,917,917,917,917,917,917,917,917,917,917,917,976,917,917,917,917,917,917,917,917,917,917,917,917,917,917,917,917,917,917,917,917,917,917,917,917,917,917,917,917,917,917,917,917,917,917,917,917,917,917,917,917,917,917,917,917,917,917,917,917,917,917,917,917,917,917,917,917,917,917,917,917,917,917,917,917,917,917,917,917,917,917,917,917,917,917,917,917,917,917,
0,0,0,0,0,0,0,0,0,0,0,0,982,0,0,0,0,0,0,0,0,0,0,0,0,0,0,0,0,0,0,0,0,0,0,0,0,0,0,0,0,0,0,0,0,0,0,0,0,0,0,0,0,917,917,0,0,0,0,0,0,0,0,0,0,0,0,0,0,0,0,0,0,0,0,0,0,0,0,0,0,0,0,0,0,0,0,0,0,0,0,0,0,0,0,0,0,0,0,0,0,0,0,0,0,0,0,0,0,0,0,0,0,0,0,0,0,0,0,0,0,0,0,0,0,0,0,0,0,0,0,0,0,0,0,0,0,0,0,0,0,0,0,0,0,0,0,0,0,0,
0,0,0,0,0,0,0,0,0,0,0,0,982,0,0,0,0,0,0,0,0,0,0,0,0,0,0,0,0,0,0,0,0,0,0,0,0,0,0,0,0,0,0,0,0,0,0,0,0,0,0,0,0,0,0,0,0,0,0,0,0,0,0,0,0,0,0,0,0,0,0,0,0,0,0,0,0,0,0,0,0,0,0,0,0,0,0,0,0,0,0,0,0,0,0,0,0,0,0,0,0,0,0,0,0,0,0,0,0,0,0,0,0,0,0,0,0,0,0,0,0,0,0,0,0,0,0,0,0,0,0,0,0,0,0,0,0,0,0,0,0,0,0,0,0,0,0,0,0,0,
0,0,0,0,0,0,0,0,0,0,0,0,982,0,0,0,0,0,0,0,0,0,0,0,0,0,0,0,0,0,0,0,0,0,0,0,0,0,0,0,0,0,0,0,0,0,0,0,0,0,0,0,0,0,0,0,917,917,917,917,917,0,0,0,0,0,0,0,0,0,0,0,0,0,0,0,0,0,917,917,917,917,917,917,0,0,0,0,0,0,0,0,0,0,0,0,0,0,0,0,0,0,0,0,0,0,0,0,0,0,0,0,0,0,0,0,0,0,0,0,0,0,0,0,0,0,0,0,0,0,0,0,0,0,0,0,0,0,0,0,0,0,0,0,0,0,0,0,0,0,
0,0,0,0,0,0,0,0,0,0,0,0,982,0,0,0,0,0,0,0,0,0,0,0,0,0,0,0,0,0,0,0,0,0,0,0,0,0,0,0,0,0,0,0,0,0,0,0,0,0,0,0,0,0,0,917,917,917,917,917,917,917,0,0,0,917,917,917,0,0,0,0,0,0,0,0,0,917,917,917,917,917,917,917,0,0,0,0,0,0,0,0,0,0,0,0,0,0,0,0,0,0,0,0,0,0,0,0,0,0,0,0,0,0,0,0,0,0,0,0,0,0,0,0,0,0,0,0,0,0,0,0,0,0,0,0,0,0,0,0,0,0,0,0,0,0,0,0,0,0,
0,0,0,0,0,0,0,0,0,0,0,0,982,0,0,0,0,0,0,0,0,0,0,0,0,0,0,0,0,0,0,0,0,0,0,0,0,0,0,0,0,0,0,0,0,0,0,0,0,0,0,0,0,0,0,917,917,917,917,917,917,917,917,0,0,0,917,917,917,0,0,0,0,0,0,0,917,917,917,917,917,917,917,917,917,917,917,917,917,917,917,917,917,917,917,917,917,0,0,0,0,0,0,0,0,0,917,917,917,917,917,917,917,917,917,917,917,917,917,917,917,0,0,0,0,0,0,0,0,0,0,0,0,0,0,0,0,0,0,0,0,0,0,0,0,0,0,0,0,0,
0,0,0,0,0,0,0,0,0,0,0,0,982,0,0,0,0,0,0,0,0,0,0,0,0,0,0,0,0,0,0,0,0,0,0,0,0,0,0,0,0,0,0,0,0,0,0,0,0,0,0,0,0,917,917,917,917,917,917,917,917,917,917,917,0,0,0,917,917,917,0,0,0,0,0,917,917,917,917,917,917,917,917,917,917,917,917,917,917,917,917,917,917,917,917,917,917,917,917,917,0,0,0,0,917,917,917,917,917,917,917,917,917,917,917,917,917,917,917,917,917,0,0,0,0,0,0,0,0,0,0,0,0,0,0,0,0,0,0,0,0,0,0,0,0,0,0,0,0,0,
0,0,0,0,0,0,0,0,0,0,0,0,982,0,0,0,0,0,0,0,0,0,0,0,0,0,0,0,0,0,0,0,0,0,0,0,0,0,0,0,0,0,0,0,0,0,0,0,917,917,0,0,0,917,917,917,917,917,917,917,917,917,917,917,917,0,0,917,917,917,917,992,917,917,917,917,917,917,917,917,917,917,917,917,917,917,917,917,917,917,917,917,917,917,917,917,917,917,917,917,917,917,917,917,917,917,0,0,0,0,0,0,0,0,0,0,0,0,0,0,917,0,0,0,0,0,0,0,0,0,0,0,0,0,0,0,0,0,0,0,0,0,0,0,0,0,0,0,0,0,
0,0,0,0,0,0,0,0,0,0,0,0,982,0,0,0,0,0,0,0,0,0,0,0,0,0,0,0,0,0,0,0,0,0,0,0,0,917,917,917,917,917,917,917,917,917,917,917,917,917,0,0,0,917,917,917,917,917,917,917,917,917,917,917,917,917,0,0,0,0,0,0,0,0,0,0,0,0,0,0,0,0,0,0,0,0,0,0,917,917,917,917,917,917,917,917,917,0,0,0,0,0,0,0,0,0,0,0,0,0,0,0,0,0,0,0,0,0,0,0,917,0,0,0,0,0,0,0,0,0,0,0,0,0,0,0,0,0,0,0,0,0,0,0,0,0,0,0,0,0,
0,0,0,0,0,0,0,0,0,0,917,0,982,0,0,0,0,0,0,0,0,0,0,0,0,0,0,0,0,0,0,0,0,0,917,917,917,917,917,917,917,917,917,917,917,917,917,917,917,917,0,0,0,917,917,917,917,917,917,917,917,917,917,917,917,917,917,917,917,917,917,917,917,917,917,917,917,917,917,917,917,917,917,917,917,917,917,0,0,0,0,0,0,0,0,0,0,0,0,0,0,0,0,0,0,0,0,0,0,0,0,0,0,0,0,0,0,0,0,0,917,0,0,0,0,0,0,0,0,0,0,0,0,0,0,0,0,0,0,0,0,137,0,0,0,0,0,0,0,0,
0,0,0,0,917,917,917,0,0,0,917,917,990,0,0,0,0,0,0,0,0,0,0,0,0,0,0,0,0,0,917,917,917,917,917,917,917,917,917,917,917,917,917,917,917,917,917,917,917,917,0,0,0,917,917,917,917,917,917,917,917,917,917,917,917,917,917,917,917,917,917,917,917,917,917,917,917,917,917,917,917,917,917,917,917,917,917,0,0,0,0,0,0,0,0,0,0,0,0,0,0,0,0,0,0,0,0,0,0,0,0,0,0,0,0,0,0,0,0,0,917,0,0,0,0,0,0,0,0,0,0,0,0,0,0,0,0,0,0,0,0,138,254,0,0,0,0,0,0,0,
917,917,917,917,917,917,917,917,917,917,917,917,917,917,917,917,917,917,917,917,917,917,917,917,917,917,917,917,917,917,917,917,917,917,917,917,917,917,917,917,917,917,917,917,917,917,917,917,917,917,0,0,0,917,917,917,917,917,917,917,917,917,917,917,917,917,917,917,917,917,917,917,917,917,917,917,917,917,917,917,917,917,917,917,917,917,917,917,917,917,917,917,917,917,917,917,917,917,917,917,917,917,917,917,917,917,917,917,917,917,917,917,917,917,917,917,917,917,917,917,917,917,917,917,917,917,917,917,917,917,917,917,917,917,917,917,917,917,917,917,917,917,917,917,917,917,917,917,917,917

[ObjectsLayer]
# Player
type=Player
location=2,11,1,1

[ObjectsLayer]
# LaserLever
type=Interactive
location=5,10,1,1

[ObjectsLayer]
# LaserLever
type=Interactive
location=118,11,1,1

[ObjectsLayer]
# Slime
type=Enemy
location=127,10,1,1

[ObjectsLayer]
# Slime
type=Enemy
location=89,5,1,1

[ObjectsLayer]
# Slime
type=Enemy
location=119,5,1,1

[ObjectsLayer]
# Slime
type=Enemy
location=116,5,1,1

[ObjectsLayer]
# Slime
type=Enemy
location=24,11,1,1

