[header]
width=150
height=12
tilewidth=21
tileheight=21
orientation=orthogonal
background_color=0,0,0,255

[tilesets]
tileset=../../../../../Platformer/spritesheet.png,21,21,0,0

[layer]
type=Tile Layer 1
data=
0,0,333,333,333,333,333,333,333,333,333,333,333,333,333,333,333,333,333,333,333,333,333,333,333,333,333,333,333,333,333,333,333,333,333,333,333,333,333,333,333,333,333,333,333,333,333,333,333,333,333,333,333,333,333,333,333,333,333,333,333,333,0,0,0,0,0,333,333,333,333,333,333,333,333,333,333,333,333,333,333,333,333,333,333,333,333,333,333,333,333,333,333,333,333,333,333,333,333,333,333,333,333,333,333,333,333,333,333,333,333,333,333,333,333,333,333,333,333,333,333,333,333,333,333,333,333,333,333,333,333,333,333,333,333,333,333,333,333,333,333,333,333,333,333,333,333,333,333,333,
0,0,0,0,0,0,0,0,0,0,0,0,0,0,0,0,0,0,0,0,0,0,0,0,0,0,0,0,0,0,0,0,0,0,0,0,0,0,0,0,0,0,0,0,0,0,0,0,0,0,0,0,0,0,0,0,0,0,0,0,0,0,0,0,0,0,0,0,0,0,0,0,0,0,0,0,0,0,0,0,0,0,0,0,0,0,0,0,0,0,0,0,0,0,0,0,0,0,0,0,0,0,0,0,0,0,0,0,0,0,0,0,0,0,0,0,0,0,0,0,0,0,0,0,0,0,0,0,0,0,0,0,0,0,0,0,0,0,0,0,0,0,0,0,0,0,0,0,0,0,
0,0,0,0,0,0,0,0,0,0,0,0,0,0,0,0,0,0,0,0,0,0,0,0,0,0,0,0,0,0,0,0,0,0,0,0,0,0,0,0,0,0,0,0,0,0,0,0,0,0,0,0,0,0,0,0,0,0,0,0,0,0,0,0,0,0,0,0,0,0,0,0,0,0,0,0,0,0,0,0,0,0,0,0,0,0,0,0,0,0,0,0,0,0,0,0,0,0,0,0,0,0,0,0,0,0,0,0,0,0,0,0,0,0,0,0,0,0,0,0,0,0,0,0,0,0,0,0,0,0,0,0,0,0,0,0,0,0,0,0,0,0,0,0,0,0,0,0,0,0,
0,0,0,0,0,0,0,0,0,0,0,0,0,0,0,0,0,0,0,0,0,0,0,0,0,0,0,0,0,0,0,0,0,0,0,0,0,0,0,0,0,0,0,0,0,0,0,0,0,0,0,0,0,0,0,0,0,0,0,0,0,0,0,0,0,0,0,0,0,0,0,0,0,0,0,0,0,0,0,0,0,0,0,0,0,0,0,0,0,0,0,0,0,0,0,0,0,0,0,0,0,0,0,0,0,0,0,0,0,0,0,0,0,0,0,0,0,0,0,0,0,0,0,0,0,0,0,0,0,0,0,0,0,0,0,0,0,0,0,0,0,0,0,0,0,0,0,0,0,0,
0,0,0,0,0,0,0,0,0,0,0,0,0,0,0,0,0,0,0,0,0,0,0,0,0,0,0,0,0,0,0,0,0,0,0,0,0,0,0,0,0,0,0,0,0,0,0,0,0,0,0,0,0,0,0,0,0,0,0,0,0,0,0,0,0,0,0,0,0,0,0,0,0,0,0,0,0,0,0,0,0,0,0,0,0,0,0,0,0,0,0,0,0,0,0,0,0,0,0,0,0,0,0,0,0,0,0,0,0,0,0,0,0,0,0,0,0,0,0,0,0,0,0,0,0,0,0,0,0,0,0,0,0,0,0,0,0,0,0,0,0,0,0,0,0,0,0,0,0,0,
0,0,0,0,0,0,0,0,0,0,0,0,0,0,0,0,0,0,0,0,0,0,0,0,0,0,0,0,0,0,0,0,0,0,0,0,0,0,0,0,0,0,0,0,0,0,0,0,0,0,0,0,0,0,0,0,0,0,0,0,0,0,0,0,0,0,0,0,0,0,0,0,0,0,0,0,0,0,0,0,0,0,0,0,0,0,0,0,0,0,0,0,0,0,0,0,0,0,0,0,0,0,0,0,0,0,0,0,0,0,0,0,0,0,0,0,0,0,0,0,0,0,0,0,0,0,0,0,0,0,0,0,0,0,0,0,0,0,0,0,0,0,0,0,0,0,0,0,0,0,
0,0,0,0,0,0,0,0,0,0,0,0,0,0,0,0,0,0,0,0,304,304,304,304,304,304,304,304,304,304,304,304,0,0,304,304,304,304,304,304,304,303,303,303,303,0,0,0,0,0,0,0,0,0,0,0,0,0,0,0,0,0,0,0,0,0,0,0,0,0,0,0,0,0,0,0,0,0,0,0,0,0,0,0,0,0,0,0,0,0,192,0,0,0,0,0,0,0,0,0,0,0,0,0,0,0,0,0,0,0,0,0,0,0,0,0,0,0,0,0,0,0,0,0,0,0,0,0,0,0,0,0,0,0,0,0,0,0,0,0,0,0,0,0,0,0,0,0,0,0,
0,0,0,0,0,0,0,0,0,0,0,0,0,0,0,0,0,0,0,0,333,333,333,333,333,333,333,333,333,0,0,0,0,0,333,333,333,333,333,333,333,333,333,333,333,303,303,303,0,0,0,0,0,0,304,304,304,0,0,0,0,0,0,0,0,0,0,0,0,0,0,0,0,192,0,0,0,0,0,0,0,0,0,0,0,0,0,0,0,192,192,0,0,0,0,0,0,0,0,0,0,0,0,0,0,0,0,0,0,0,0,0,0,0,0,0,0,0,0,0,0,0,0,0,0,0,0,0,0,0,0,0,0,0,0,0,0,0,0,0,0,0,0,0,0,0,0,0,0,0,
0,0,0,0,0,0,0,0,0,0,0,0,0,0,0,0,0,0,0,0,333,333,333,333,333,333,333,333,333,0,0,0,0,0,333,333,333,333,333,333,333,333,333,333,333,333,333,333,0,0,0,0,0,0,0,0,0,0,0,0,0,0,0,0,0,0,0,0,0,0,0,0,192,192,0,0,0,0,0,192,192,192,0,0,0,0,0,0,0,192,192,0,0,0,0,0,0,0,0,0,0,0,0,0,0,0,0,0,0,333,333,333,333,333,0,0,0,0,0,0,0,0,0,0,0,0,333,333,0,0,0,0,0,0,0,0,0,0,0,0,0,0,0,0,0,0,0,0,0,0,
0,0,0,0,0,0,0,0,0,0,0,0,0,0,0,0,0,0,0,0,0,0,0,0,0,0,0,0,0,0,0,0,0,0,333,333,333,333,333,333,333,333,333,333,333,333,333,333,303,303,303,0,0,0,0,0,0,0,0,0,0,0,0,0,0,0,0,0,0,0,0,0,192,192,0,0,0,0,0,192,192,192,192,0,0,0,0,0,192,192,192,0,0,0,0,0,0,0,0,0,0,0,0,0,0,0,0,0,0,0,0,0,0,0,0,0,0,0,0,0,0,0,0,0,0,0,0,0,0,0,0,0,0,0,0,0,0,0,0,0,0,0,0,137,0,0,0,0,0,0,
304,304,304,304,304,304,304,304,304,0,304,304,0,0,304,304,0,304,304,304,304,304,304,304,304,304,304,304,304,304,304,304,304,304,333,333,333,333,333,333,333,333,333,333,333,333,333,333,333,333,333,303,303,303,303,304,304,304,304,304,304,304,0,0,0,0,0,304,304,304,304,304,304,304,304,304,304,304,304,304,304,304,304,304,304,304,304,304,304,304,192,0,0,0,0,0,0,0,0,0,333,333,333,333,0,0,0,0,0,0,0,0,0,0,0,0,0,0,0,333,333,333,333,0,0,0,0,0,0,0,0,0,0,0,0,0,0,0,0,0,0,0,0,138,254,0,0,0,0,0,
333,333,333,333,333,333,333,333,333,0,333,333,0,0,333,333,0,333,333,333,333,333,333,333,333,333,333,333,333,333,333,333,333,333,333,333,333,333,333,333,333,333,333,333,333,333,333,333,333,333,333,333,333,333,333,333,333,333,333,333,333,333,0,0,0,0,0,333,333,333,333,333,333,333,333,333,333,333,333,333,333,333,333,333,333,333,333,333,333,333,304,304,304,304,304,304,0,0,0,0,0,0,0,0,0,0,0,0,0,0,0,0,0,0,0,0,0,0,0,0,0,0,0,0,0,0,0,0,0,0,0,304,304,304,304,304,304,304,304,304,304,304,304,304,304,304,304,304,304,304

[ObjectsLayer]
# Player
type=Player
location=0,2,1,1

[ObjectsLayer]
# Slime
type=Enemy
location=31,10,1,1

[ObjectsLayer]
# Slime
type=Enemy
location=55,10,1,1

[ObjectsLayer]
# Slime
type=Enemy
location=40,5,1,1

[ObjectsLayer]
# Slime
type=Enemy
location=76,10,1,1

[ObjectsLayer]
# Slime
type=Enemy
location=85,9,1,1

[ObjectsLayer]
# Slime
type=Enemy
location=39,5,1,1

